0
1
2
3
5
6
8
9
11
12
13
14
15
16
17
18
19
20
21
23
24
26
27
28
30
31
32
33
36
38
39
40
42
43
45
47
49
50
51
53
55
56
58
65
68
69
70
72
73
74
75
76
77
79
80
81
82
83
84
85
86
87
88
90
91
92
93
94
95
96
97
98
99
101
102
103
104
105
107
108
109
111
113
114
115
116
117
119
120
121
122
124
126
127
128
129
130
131
132
133
135
136
137
138
139
140
141
143
144
145
146
148
149
150
151
152
153
156
158
159
160
161
164
165
166
168
170
172
173
174
175
177
178
179
181
184
186
187
188
189
190
191
192
193
194
195
196
197
198
201
202
203
204
205
206
207
208
209
210
211
212
213
215
217
219
220
222
224
225
226
227
228
232
234
235
236
237
238
240
242
243
244
246
247
248
250
251
252
253
254
256
259
261
262
263
265
266
268
269
270
271
274
275
276
277
278
280
281
282
283
284
285
288
290
291
292
294
295
298
300
301
302
306
307
308
309
310
311
312
313
314
315
317
318
320
321
322
323
324
325
327
328
329
330
331
332
335
336
337
338
340
342
343
344
345
346
347
348
349
350
351
354
355
356
358
359
361
362
363
366
367
371
373
374
375
376
379
380
381
382
383
384
385
386
387
388
389
390
391
393
394
395
396
398
399
400
401
402
403
404
405
406
407
408
409
411
412
413
415
418
420
423
424
427
428
429
430
431
432
433
434
435
436
438
439
441
442
444
445
446
447
448
449
450
452
453
454
456
457
458
460
461
462
464
465
469
470
471
472
473
474
475
476
477
478
481
483
484
485
486
487
488
489
490
491
492
493
494
496
497
498
499
500
502
504
505
506
508
509
511
512
513
514
516
517
519
520
521
523
524
525
527
528
529
531
532
533
534
535
537
538
539
540
541
542
544
545
547
548
549
550
551
552
553
554
557
559
560
562
563
564
565
566
567
568
569
571
572
573
574
575
576
577
578
580
581
582
583
584
585
587
588
589
590
591
592
593
594
595
596
598
599
600
601
602
603
604
605
606
607
608
611
612
614
617
618
622
623
625
627
628
629
630
632
634
636
640
642
644
645
646
647
649
650
652
653
654
655
657
659
660
661
664
665
668
671
673
674
676
677
680
681
682
683
684
685
686
687
689
690
691
692
693
694
695
696
698
699
700
701
702
703
704
705
706
707
708
709
710
712
713
714
715
716
717
719
720
721
722
723
724
725
726
727
728
730
731
732
733
734
735
736
737
739
740
741
742
743
744
746
747
748
749
750
751
752
753
754
756
757
758
759
760
762
763
764
765
766
768
769
770
771
772
774
775
776
777
778
779
780
781
782
783
784
785
786
787
788
791
793
794
795
796
798
799
800
801
803
804
805
806
807
809
811
814
816
819
821
822
823
824
825
826
827
828
829
830
831
832
834
835
836
837
838
841
844
845
846
847
848
849
850
851
853
854
855
856
857
859
860
864
865
866
867
868
869
870
873
874
875
876
877
878
879
880
881
882
883
884
887
888
889
890
892
894
895
896
897
898
899
900
902
903
904
905
906
907
908
909
910
911
912
913
914
915
916
917
918
919
920
921
923
924
926
927
928
929
930
931
933
935
936
937
939
940
941
942
943
944
945
946
947
948
949
952
954
957
958
959
963
964
966
967
968
970
971
972
973
977
978
979
980
981
982
983
984
985
987
988
989
990
991
992
994
995
996
997
999
1000
1003
1005
1006
1007
1008
1009
1011
1012
1013
1014
1015
1016
1017
1019
1020
1022
1023
1024
1025
1026
1027
1029
1030
1033
1034
1036
1037
1038
1039
1040
1041
1042
1043
1044
1045
1046
1047
1049
1050
1051
1052
1053
1054
1055
1058
1060
1062
1064
1065
1066
1067
1068
1069
1070
1071
1072
1074
1076
1077
1078
1079
1080
1082
1083
1084
1085
1088
1091
1092
1093
1094
1095
1096
1097
1098
1099
1100
1102
1104
1105
1106
1108
1109
1110
1111
1112
1113
1114
1115
1116
1117
1119
1120
1121
1122
1123
1125
1126
1127
1128
1129
1130
1131
1132
1133
1134
1135
1136
1138
1140
1141
1142
1145
1147
1148
1149
1151
1152
1153
1154
1155
1157
1158
1159
1160
1161
1162
1164
1165
1166
1167
1168
1169
1170
1171
1172
1173
1174
1175
1178
1179
1181
1182
1183
1184
1185
1186
1187
1188
1189
1190
1191
1192
1193
1196
1197
1200
1203
1204
1205
1206
1208
1211
1212
1213
1214
1215
1216
1217
1220
1223
1224
1225
1226
1229
1230
1232
1233
1234
1237
1239
1241
1242
1243
1245
1246
1247
1248
1249
1250
1252
1256
1257
1258
1259
1260
1263
1264
1265
1266
1267
1268
1270
1271
1272
1273
1274
1275
1276
1277
1279
1280
1281
1284
1285
1286
1287
1289
1290
1291
1292
1293
1294
1295
1296
1298
1299
1300
1301
1302
1303
1304
1305
1306
1307
1310
1311
1312
1313
1314
1315
1316
1317
1318
1320
1321
1323
1324
1325
1326
1328
1330
1333
1335
1336
1338
1339
1340
1342
1344
1345
1346
1348
1349
1350
1352
1353
1354
1356
1357
1359
1360
1362
1363
1364
1365
1366
1368
1369
1371
1372
1373
1374
1375
1376
1378
1380
1381
1382
1383
1385
1386
1387
1388
1389
1391
1392
1393
1394
1396
1397
1399
1401
1405
1408
1410
1411
1413
1414
1415
1417
1418
1419
1420
1421
1422
1423
1424
1425
1428
1430
1433
1434
1435
1436
1437
1438
1439
1440
1441
1444
1445
1446
1447
1451
1454
1455
1456
1457
1459
1460
1461
1465
1466
1468
1469
1470
1471
1472
1473
1475
1476
1477
1478
1480
1482
1483
1484
1487
1488
1489
1490
1491
1492
1494
1495
1496
1497
1498
1499
1500
1501
1503
1504
1507
1508
1509
1510
1511
1512
1514
1515
1516
1518
1519
1520
1522
1523
1525
1527
1528
1530
1531
1532
1534
1535
1536
1537
1539
1540
1541
1542
1544
1545
1546
1547
1549
1551
1552
1553
1555
1556
1558
1559
1560
1561
1562
1564
1565
1566
1567
1568
1569
1570
1571
1573
1575
1576
1578
1579
1580
1581
1582
1583
1584
1585
1586
1589
1591
1592
1593
1594
1596
1597
1598
1599
1602
1603
1604
1605
1608
1610
1611
1612
1613
1615
1616
1617
1618
1619
1620
1621
1622
1623
1624
1625
1626
1627
1628
1629
1630
1631
1633
1634
1635
1636
1637
1639
1640
1641
1642
1643
1648
1650
1651
1652
1653
1654
1655
1658
1659
1660
1662
1664
1665
1667
1668
1669
1670
1671
1672
1673
1675
1676
1677
1678
1679
1680
1682
1683
1684
1685
1686
1687
1688
1689
1690
1691
1692
1695
1696
1697
1698
1699
1700
1703
1706
1707
1708
1709
1710
1711
1712
1713
1715
1716
1717
1718
1719
1720
1721
1724
1725
1726
1727
1728
1730
1731
1733
1736
1737
1739
1740
1742
1743
1744
1745
1746
1747
1748
1750
1751
1752
1753
1754
1755
1756
1757
1758
1759
1760
1761
1763
1764
1765
1768
1771
1772
1773
1774
1776
1777
1778
1781
1784
1785
1786
1788
1789
1791
1792
1793
1796
1797
1798
1799
1800
1801
1803
1804
1806
1807
1810
1811
1812
1813
1814
1815
1816
1817
1818
1821
1823
1824
1825
1826
1827
1828
1829
1830
1831
1832
1833
1835
1836
1837
1839
1840
1841
1843
1844
1845
1847
1848
1849
1850
1851
1853
1854
1855
1856
1857
1858
1859
1860
1861
1862
1864
1865
1866
1867
1868
1869
1870
1871
1873
1875
1877
1878
1879
1880
1881
1882
1883
1884
1885
1886
1887
1888
1889
1890
1891
1893
1894
1895
1896
1897
1898
1899
1900
1902
1903
1904
1905
1906
1909
1910
1911
1912
1913
1914
1915
1916
1917
1921
1922
1923
1924
1925
1926
1927
1928
1934
1936
1937
1939
1940
1941
1942
1943
1944
1945
1946
1948
1949
1950
1951
1952
1953
1954
1955
1956
1957
1958
1959
1961
1963
1964
1965
1966
1967
1968
1969
1971
1972
1974
1975
1977
1980
1981
1982
1983
1985
1986
1987
1990
1992
1993
1994
1995
1996
1998
2000
2001
2002
2003
2004
2005
2006
2007
2008
2009
2011
2012
2013
2015
2016
2017
2018
2020
2021
2022
2024
2025
2027
2028
2029
2030
2031
2033
2034
2035
2036
2037
2038
2039
2040
2042
2043
2044
2046
2047
2048
2049
2052
2054
2055
2056
2057
2058
2059
2060
2062
2063
2064
2065
2066
2068
2070
2073
2074
2075
2076
2077
2079
2080
2082
2083
2084
2085
2086
2087
2088
2089
2090
2091
2092
2095
2096
2097
2098
2099
2100
2102
2103
2104
2105
2106
2107
2109
2110
2111
2114
2117
2118
2119
2120
2121
2122
2123
2124
2125
2128
2129
2130
2131
2132
2133
2134
2135
2136
2138
2140
2141
2142
2143
2144
2145
2147
2148
2150
2151
2152
2153
2154
2155
2156
2157
2158
2159
2160
2161
2162
2163
2164
2165
2166
2167
2168
2169
2170
2172
2173
2176
2177
2179
2181
2182
2183
2184
2185
2188
2189
2191
2194
2195
2196
2198
2201
2202
2203
2205
2206
2207
2208
2210
2211
2212
2213
2214
2215
2216
2217
2218
2220
2221
2222
2224
2225
2226
2227
2229
2230
2232
2233
2234
2236
2239
2240
2241
2242
2244
2245
2246
2247
2248
2250
2251
2253
2254
2255
2256
2257
2258
2259
2260
2261
2263
2264
2265
2266
2267
2268
2270
2271
2273
2274
2275
2276
2278
2279
2280
2281
2282
2283
2284
2285
2286
2287
2288
2290
2291
2293
2295
2296
2297
2298
2299
2300
2301
2303
2305
2307
2308
2309
2311
2312
2313
2314
2315
2316
2318
2320
2321
2325
2326
2328
2329
2330
2331
2332
2333
2336
2337
2338
2339
2340
2341
2342
2344
2345
2346
2347
2348
2349
2350
2351
2352
2355
2357
2358
2359
2360
2361
2363
2365
2366
2367
2368
2370
2371
2372
2373
2374
2376
2377
2378
2379
2380
2382
2383
2384
2385
2387
2388
2389
2391
2392
2393
2394
2395
2396
2397
2398
2399
2400
2402
2403
2404
2405
2408
2409
2410
2411
2412
2413
2414
2416
2417
2418
2420
2421
2422
2423
2425
2428
2431
2433
2434
2435
2436
2437
2440
2441
2443
2444
2446
2447
2448
2449
2450
2451
2452
2453
2454
2457
2462
2463
2464
2465
2466
2467
2468
2470
2471
2472
2473
2474
2475
2476
2477
2479
2481
2482
2483
2484
2487
2488
2489
2490
2491
2493
2494
2495
2496
2497
2498
2499
2500
2501
2502
2504
2506
2508
2509
2511
2513
2514
2516
2517
2518
2519
2520
2521
2524
2525
2526
2528
2529
2530
2531
2532
2534
2535
2536
2537
2539
2540
2542
2543
2544
2545
2546
2547
2548
2551
2553
2554
2555
2556
2558
2559
2561
2562
2563
2564
2565
2566
2567
2568
2569
2571
2572
2573
2574
2576
2577
2578
2579
2580
2581
2583
2586
2587
2588
2589
2590
2592
2593
2594
2595
2596
2597
2598
2599
2600
2601
2603
2604
2605
2606
2607
2608
2609
2610
2611
2613
2614
2615
2616
2617
2619
2620
2622
2624
2625
2626
2627
2628
2629
2630
2631
2632
2634
2635
2636
2637
2638
2640
2641
2642
2643
2644
2646
2647
2648
2650
2651
2652
2653
2654
2657
2658
2659
2661
2662
2663
2666
2667
2668
2670
2671
2672
2673
2674
2675
2677
2678
2679
2680
2682
2684
2685
2686
2687
2688
2689
2690
2691
2692
2693
2694
2695
2696
2697
2698
2699
2701
2702
2704
2705
2706
2708
2710
2711
2712
2713
2714
2715
2716
2717
2719
2720
2722
2723
2724
2725
2726
2727
2728
2729
2730
2731
2732
2733
2734
2735
2738
2739
2740
2742
2744
2745
2746
2747
2748
2750
2751
2752
2753
2754
2755
2756
2759
2760
2761
2762
2763
2764
2765
2766
2767
2768
2769
2770
2772
2773
2774
2775
2776
2779
2780
2781
2782
2784
2785
2786
2787
2788
2789
2790
2791
2793
2795
2796
2799
2800
2801
2802
2804
2805
2806
2807
2808
2809
2811
2812
2813
2814
2815
2816
2817
2818
2820
2822
2823
2824
2826
2827
2828
2829
2830
2831
2832
2834
2835
2837
2838
2839
2840
2842
2843
2844
2846
2848
2849
2851
2852
2853
2854
2855
2856
2857
2858
2859
2860
2862
2863
2864
2865
2866
2867
2869
2870
2872
2873
2874
2875
2877
2878
2879
2880
2881
2882
2883
2884
2885
2886
2887
2888
2889
2890
2891
2892
2893
2894
2897
2898
2899
2901
2902
2903
2906
2907
2910
2911
2912
2913
2914
2915
2917
2918
2919
2920
2921
2922
2923
2924
2925
2926
2928
2929
2931
2932
2933
2934
2935
2936
2937
2938
2939
2941
2942
2943
2944
2945
2946
2947
2948
2950
2951
2952
2954
2955
2957
2959
2961
2963
2964
2965
2966
2967
2968
2969
2970
2971
2973
2974
2975
2976
2978
2980
2981
2983
2984
2985
2986
2987
2988
2991
2992
2993
2995
2996
2997
2998
2999
3001
3002
3003
3004
3005
3006
3007
3009
3010
3011
3012
3014
3018
3020
3021
3022
3023
3024
3027
3028
3029
3030
3031
3032
3033
3034
3035
3036
3037
3038
3039
3040
3041
3042
3043
3045
3046
3047
3048
3049
3052
3053
3054
3056
3057
3058
3059
3060
3061
3062
3063
3064
3066
3067
3069
3071
3072
3073
3074
3075
3076
3077
3079
3080
3081
3082
3083
3084
3085
3087
3088
3089
3090
3091
3092
3093
3094
3095
3096
3097
3098
3099
3100
3101
3102
3103
3105
3106
3108
3109
3110
3111
3113
3115
3116
3117
3118
3119
3120
3122
3123
3124
3126
3127
3128
3130
3131
3132
3133
3134
3137
3138
3139
3140
3141
3142
3143
3144
3145
3146
3147
3148
3149
3150
3151
3152
3153
3154
3156
3160
3161
3162
3163
3164
3166
3168
3169
3170
3171
3172
3174
3175
3176
3178
3179
3181
3182
3183
3185
3186
3187
3190
3191
3193
3194
3195
3197
3198
3199
3200
3201
3202
3203
3204
3205
3206
3207
3212
3213
3215
3216
3217
3218
3219
3220
3221
3222
3223
3224
3227
3229
3232
3233
3234
3235
3236
3238
3239
3240
3243
3244
3247
3248
3249
3251
3252
3253
3255
3256
3257
3258
3259
3260
3261
3262
3264
3265
3266
3267
3268
3269
3270
3271
3272
3273
3274
3276
3278
3279
3282
3283
3285
3286
3287
3291
3292
3295
3296
3297
3298
3300
3301
3302
3303
3304
3305
3306
3307
3308
3310
3311
3312
3313
3314
3316
3317
3318
3319
3321
3322
3323
3324
3325
3326
3327
3328
3329
3331
3332
3333
3334
3335
3336
3337
3338
3339
3340
3341
3342
3343
3345
3346
3347
3350
3351
3352
3353
3354
3355
3356
3357
3358
3359
3360
3361
3363
3366
3367
3368
3369
3370
3373
3374
3376
3377
3378
3380
3381
3382
3384
3385
3386
3388
3389
3390
3391
3394
3395
3396
3398
3399
3400
3401
3402
3405
3406
3407
3408
3409
3411
3412
3413
3414
3415
3417
3418
3419
3421
3422
3423
3424
3425
3426
3427
3429
3430
3431
3433
3434
3436
3437
3438
3439
3441
3442
3443
3446
3447
3448
3449
3450
3451
3452
3453
3454
3455
3456
3457
3458
3459
3460
3462
3463
3464
3465
3466
3468
3469
3470
3471
3472
3473
3474
3475
3476
3478
3479
3481
3482
3483
3484
3485
3486
3487
3490
3491
3492
3493
3494
3495
3497
3498
3499
3500
3501
3502
3503
3504
3505
3506
3507
3508
3509
3510
3511
3512
3513
3514
3516
3517
3518
3519
3520
3521
3522
3523
3524
3525
3527
3528
3529
3530
3531
3532
3533
3534
3535
3536
3537
3538
3539
3540
3541
3544
3545
3548
3549
3550
3554
3555
3556
3558
3561
3562
3563
3564
3565
3566
3568
3569
3570
3572
3573
3574
3575
3576
3577
3578
3579
3580
3581
3582
3583
3584
3585
3586
3587
3588
3589
3591
3592
3593
3594
3596
3597
3598
3600
3602
3603
3606
3607
3608
3609
3610
3613
3614
3615
3616
3618
3619
3620
3622
3623
3624
3627
3628
3629
3630
3631
3632
3633
3634
3635
3636
3637
3638
3639
3640
3641
3642
3643
3644
3645
3646
3647
3649
3650
3651
3652
3653
3654
3655
3657
3658
3659
3660
3661
3662
3663
3664
3665
3666
3667
3668
3669
3670
3672
3673
3674
3677
3678
3681
3682
3683
3685
3686
3687
3688
3691
3692
3694
3696
3698
3699
3700
3701
3702
3703
3704
3705
3707
3708
3709
3710
3711
3712
3714
3715
3716
3717
3718
3719
3720
3721
3722
3723
3725
3726
3728
3730
3731
3732
3734
3735
3737
3738
3739
3742
3743
3745
3747
3749
3750
3751
3752
3754
3756
3757
3759
3760
3761
3763
3764
3766
3768
3770
3772
3773
3774
3775
3778
3779
3781
3783
3784
3785
3786
3787
3788
3789
3790
3791
3792
3793
3794
3797
3798
3800
3801
3802
3803
3804
3805
3807
3808
3809
3810
3811
3812
3813
3814
3815
3816
3817
3818
3819
3820
3821
3822
3823
3824
3825
3826
3827
3828
3829
3830
3831
3832
3833
3835
3836
3837
3838
3841
3842
3843
3844
3846
3847
3848
3850
3853
3854
3855
3856
3857
3858
3859
3860
3861
3862
3863
3864
3865
3868
3869
3870
3871
3872
3876
3877
3878
3879
3881
3882
3885
3886
3887
3888
3889
3891
3892
3893
3894
3895
3896
3897
3898
3900
3902
3903
3904
3906
3907
3908
3909
3910
3911
3912
3915
3916
3918
3919
3920
3921
3922
3923
3924
3925
3926
3927
3928
3929
3930
3931
3933
3935
3937
3938
3939
3940
3941
3942
3943
3944
3945
3946
3948
3949
3950
3951
3952
3954
3955
3956
3957
3958
3959
3961
3962
3963
3964
3965
3966
3967
3968
3969
3970
3971
3973
3974
3975
3977
3978
3979
3980
3982
3984
3986
3988
3992
3996
3997
3999
4000
4001
4002
4003
4006
4007
4008
4009
4010
4011
4013
4014
4015
4016
4017
4018
4019
4022
4023
4025
4026
4027
4028
4029
4032
4033
4035
4036
4037
4038
4039
4040
4041
4043
4044
4045
4046
4047
4048
4051
4052
4053
4054
4055
4057
4058
4059
4060
4061
4063
4064
4065
4066
4067
4068
4069
4070
4071
4072
4073
4074
4075
4076
4077
4080
4081
4082
4083
4085
4086
4088
4089
4090
4091
4092
4093
4094
4095
4097
4098
4099
4100
4101
4102
4103
4104
4105
4106
4107
4108
4109
4110
4112
4113
4114
4116
4117
4118
4119
4120
4122
4123
4124
4125
4126
4127
4130
4131
4132
4133
4137
4138
4139
4140
4141
4142
4143
4145
4146
4149
4150
4151
4153
4154
4155
4156
4157
4158
4159
4161
4162
4164
4166
4167
4168
4169
4170
4171
4172
4173
4174
4175
4179
4181
4182
4183
4185
4187
4188
4190
4191
4192
4193
4194
4195
4196
4197
4199
4200
4202
4203
4204
4205
4206
4207
4208
4211
4212
4213
4215
4216
4218
4219
4220
4221
4223
4224
4225
4226
4227
4228
4229
4230
4231
4232
4233
4234
4235
4236
4237
4238
4239
4240
4241
4242
4243
4245
4247
4248
4249
4251
4252
4253
4254
4255
4256
4257
4259
4261
4262
4263
4264
4265
4266
4267
4268
4269
4270
4271
4272
4275
4277
4278
4283
4284
4287
4288
4289
4290
4291
4292
4294
4295
4296
4297
4298
4299
4300
4301
4302
4303
4304
4305
4306
4307
4308
4309
4310
4311
4312
4313
4314
4315
4316
4317
4318
4319
4320
4321
4322
4323
4324
4325
4327
4328
4329
4330
4331
4332
4333
4334
4335
4336
4337
4338
4340
4341
4344
4346
4348
4350
4351
4352
4353
4354
4357
4358
4359
4360
4361
4362
4364
4366
4368
4369
4370
4371
4372
4373
4374
4375
4377
4378
4381
4382
4383
4384
4385
4386
4387
4388
4389
4390
4391
4393
4395
4396
4397
4398
4400
4401
4402
4403
4404
4405
4406
4407
4408
4410
4411
4413
4414
4415
4416
4417
4418
4419
4420
4421
4422
4423
4424
4425
4426
4427
4428
4429
4430
4431
4432
4433
4434
4435
4437
4438
4439
4440
4441
4442
4443
4444
4445
4446
4447
4448
4449
4452
4453
4456
4457
4458
4462
4464
4466
4467
4469
4471
4472
4473
4475
4477
4479
4481
4482
4483
4484
4485
4486
4487
4488
4489
4490
4491
4492
4493
4494
4496
4497
4499
4501
4502
4503
4504
4505
4506
4507
4508
4509
4510
4511
4512
4513
4514
4515
4516
4517
4518
4519
4520
4523
4525
4526
4528
4529
4532
4533
4535
4536
4537
4541
4542
4545
4546
4547
4548
4549
4550
4551
4552
4553
4554
4555
4556
4557
4558
4560
4561
4562
4564
4566
4567
4568
4569
4570
4573
4576
4578
4579
4581
4584
4585
4587
4588
4589
4590
4591
4592
4593
4594
4595
4596
4597
4598
4599
4600
4602
4603
4604
4605
4607
4608
4610
4611
4612
4613
4614
4615
4616
4617
4618
4619
4620
4621
4622
4623
4624
4625
4626
4627
4628
4629
4630
4631
4632
4633
4634
4637
4638
4639
4640
4641
4642
4644
4645
4646
4647
4648
4650
4651
4652
4653
4655
4656
4657
4658
4659
4660
4661
4662
4663
4664
4665
4670
4672
4674
4675
4677
4679
4680
4681
4682
4683
4685
4686
4687
4688
4689
4690
4691
4692
4694
4695
4696
4698
4699
4700
4701
4702
4703
4704
4705
4706
4707
4708
4709
4710
4711
4713
4714
4715
4718
4720
4721
4722
4723
4725
4728
4729
4731
4732
4733
4734
4735
4738
4739
4740
4742
4743
4745
4746
4747
4748
4749
4750
4751
4752
4753
4754
4755
4756
4757
4758
4759
4760
4761
4762
4763
4764
4766
4767
4771
4773
4775
4776
4777
4778
4779
4780
4781
4782
4783
4784
4785
4786
4787
4788
4789
4790
4791
4793
4794
4795
4796
4797
4798
4799
4800
4801
4802
4803
4804
4805
4807
4809
4810
4811
4812
4813
4814
4816
4817
4818
4819
4820
4821
4822
4823
4824
4825
4827
4828
4829
4830
4831
4832
4833
4834
4835
4836
4837
4838
4839
4840
4841
4842
4843
4844
4845
4846
4847
4848
4849
4851
4852
4853
4855
4856
4858
4861
4863
4864
4865
4866
4868
4870
4871
4872
4874
4875
4877
4878
4879
4880
4881
4882
4883
4884
4885
4886
4887
4889
4890
4891
4893
4894
4895
4896
4897
4898
4899
4901
4902
4903
4904
4905
4906
4909
4912
4913
4914
4915
4916
4917
4918
4919
4921
4923
4924
4926
4927
4928
4930
4932
4933
4934
4935
4936
4938
4939
4941
4943
4944
4945
4946
4947
4948
4949
4950
4951
4952
4956
4957
4958
4960
4961
4964
4968
4970
4971
4973
4975
4976
4978
4979
4980
4981
4983
4985
4986
4987
4988
4989
4991
4992
4993
4994
4995
4997
4998
4999
5000
5001
5003
5004
5006
5007
5008
5009
5010
5012
5013
5014
5015
5016
5017
5018
5019
5020
5021
5022
5023
5024
5025
5027
5028
5029
5030
5031
5032
5033
5034
5036
5037
5038
5039
5040
5041
5042
5043
5044
5045
5046
5047
5049
5050
5051
5052
5053
5055
5056
5057
5058
5059
5061
5062
5063
5065
5067
5069
5071
5072
5073
5074
5075
5076
5077
5078
5079
5080
5081
5082
5083
5084
5085
5086
5087
5088
5089
5091
5092
5093
5094
5095
5096
5097
5098
5099
5101
5102
5103
5104
5105
5107
5109
5110
5111
5112
5113
5114
5115
5116
5117
5118
5122
5123
5124
5125
5126
5127
5128
5129
5130
5131
5133
5134
5135
5136
5137
5138
5139
5140
5141
5142
5143
5144
5145
5146
5148
5151
5152
5153
5154
5155
5156
5157
5162
5163
5165
5166
5167
5168
5169
5171
5172
5173
5174
5175
5176
5177
5178
5179
5180
5183
5184
5185
5186
5188
5190
5191
5192
5193
5194
5195
5196
5197
5198
5199
5200
5201
5202
5203
5204
5205
5206
5207
5208
5209
5210
5211
5212
5213
5214
5215
5217
5218
5219
5220
5221
5222
5223
5224
5225
5226
5227
5228
5229
5230
5231
5232
5233
5236
5237
5240
5241
5242
5243
5244
5245
5246
5247
5248
5249
5251
5252
5253
5254
5255
5256
5258
5259
5260
5261
5262
5263
5264
5265
5266
5267
5268
5269
5270
5271
5272
5273
5274
5275
5276
5277
5278
5279
5280
5281
5282
5283
5284
5285
5286
5287
5288
5289
5291
5292
5294
5295
5296
5297
5298
5300
5301
5304
5305
5306
5307
5308
5309
5310
5313
5316
5319
5320
5321
5322
5323
5324
5326
5327
5328
5329
5330
5331
5332
5333
5334
5335
5336
5337
5340
5341
5342
5343
5344
5345
5346
5348
5349
5350
5351
5353
5354
5360
5361
5362
5363
5364
5365
5366
5367
5368
5369
5370
5371
5372
5373
5374
5375
5376
5377
5378
5379
5380
5381
5382
5383
5385
5387
5388
5389
5390
5391
5392
5393
5394
5395
5396
5397
5398
5399
5400
5401
5402
5403
5404
5405
5406
5407
5408
5409
5410
5411
5412
5413
5414
5415
5416
5417
5418
5420
5421
5422
5423
5424
5425
5426
5427
5428
5430
5432
5434
5435
5437
5438
5440
5441
5442
5444
5445
5446
5447
5448
5452
5454
5455
5456
5457
5458
5460
5461
5462
5463
5464
5465
5466
5467
5468
5469
5470
5471
5472
5473
5474
5475
5478
5479
5480
5481
5482
5483
5484
5485
5487
5488
5489
5490
5491
5495
5498
5499
5500
5502
5504
5505
5506
5508
5510
5511
5512
5513
5515
5516
5517
5519
5520
5521
5522
5523
5524
5525
5526
5527
5528
5529
5530
5531
5532
5533
5534
5535
5536
5537
5538
5539
5540
5541
5543
5545
5546
5547
5548
5551
5552
5553
5554
5555
5556
5557
5558
5559
5560
5562
5563
5564
5565
5566
5567
5568
5569
5570
5571
5572
5573
5574
5575
5576
5578
5579
5580
5581
5582
5583
5584
5585
5586
5587
5588
5589
5590
5591
5592
5593
5594
5595
5597
5598
5599
5600
5601
5602
5603
5604
5605
5606
5607
5608
5609
5610
5611
5612
5614
5615
5616
5617
5618
5619
5620
5621
5622
5623
5624
5625
5626
5627
5628
5629
5630
5631
5632
5633
5634
5635
5636
5637
5638
5639
5640
5641
5642
5643
5644
5646
5647
5650
5651
5653
5654
5655
5656
5657
5658
5659
5660
5661
5662
5663
5664
5665
5666
5668
5669
5670
5671
5672
5673
5674
5675
5676
5677
5678
5679
5680
5681
5682
5683
5684
5685
5686
5688
5689
5690
5692
5693
5694
5695
5697
5699
5700
5702
5703
5707
5708
5709
5710
5712
5713
5714
5715
5716
5717
5718
5720
5721
5722
5723
5725
5727
5728
5729
5731
5733
5734
5735
5736
5737
5738
5739
5740
5741
5742
5743
5744
5746
5747
5749
5750
5751
5752
5753
5754
5755
5756
5757
5758
5759
5760
5761
5762
5763
5764
5765
5766
5767
5768
5769
5770
5771
5772
5773
5775
5779
5781
5782
5783
5784
5785
5786
5787
5789
5790
5791
5792
5793
5794
5795
5796
5797
5798
5799
5800
5801
5802
5803
5804
5806
5807
5808
5811
5812
5813
5814
5815
5816
5817
5818
5819
5820
5821
5822
5823
5824
5827
5828
5829
5830
5831
5832
5834
5835
5836
5837
5838
5841
5842
5844
5845
5846
5847
5848
5850
5851
5852
5853
5854
5855
5857
5858
5859
5860
5862
5863
5864
5865
5866
5867
5868
5869
5870
5871
5872
5873
5874
5876
5877
5878
5879
5881
5882
5883
5884
5885
5886
5887
5889
5890
5891
5893
5895
5897
5898
5899
5902
5904
5905
5907
5908
5909
5910
5912
5913
5914
5915
5916
5917
5919
5920
5922
5923
5924
5925
5926
5930
5931
5932
5933
5934
5935
5936
5939
5940
5942
5943
5945
5946
5947
5948
5949
5950
5951
5952
5953
5954
5955
5956
5959
5960
5961
5962
5963
5964
5965
5966
5967
5968
5969
5971
5973
5974
5975
5976
5977
5978
5979
5980
5981
5982
5983
5984
5987
5988
5989
5990
5991
5992
5993
5994
5995
5996
5997
5998
5999
6000
6001
6002
6003
6004
6005
6006
6007
6008
6009
6010
6011
6012
6013
6014
6015
6016
6017
6018
6019
6020
6022
6024
6025
6026
6028
6030
6031
6032
6033
6037
6038
6039
6040
6041
6042
6043
6044
6045
6046
6047
6048
6049
6050
6051
6052
6053
6054
6055
6056
6057
6058
6059
6060
6061
6062
6063
6064
6065
6066
6067
6068
6069
6070
6071
6072
6073
6074
6075
6076
6077
6078
6080
6081
6082
6083
6086
6087
6089
6090
6093
6094
6095
6096
6098
6099
6101
6103
6104
6105
6106
6107
6108
6110
6111
6112
6114
6115
6116
6117
6118
6119
6120
6122
6124
6125
6126
6127
6128
6129
6130
6131
6132
6137
6138
6140
6141
6142
6143
6144
6145
6146
6147
6148
6149
6150
6151
6152
6153
6154
6155
6156
6157
6158
6159
6160
6161
6162
6164
6165
6166
6168
6169
6170
6171
6172
6175
6176
6177
6179
6181
6183
6184
6185
6187
6188
6189
6190
6191
6193
6194
6196
6197
6198
6199
6200
6201
6202
6203
6204
6205
6206
6207
6208
6209
6211
6212
6213
6214
6215
6216
6217
6219
6220
6221
6222
6224
6225
6226
6227
6230
6231
6232
6233
6235
6236
6237
6238
6239
6240
6241
6242
6243
6244
6245
6246
6247
6248
6249
6250
6251
6252
